{
  "advancedEditorSelectedIdentifier" : "ProjectBrowser",
  "openSceneRelativePaths" : [
    "SceneRain.usda",
    "SceneFireword.usda",
    "SceneSnow.usda"
  ],
  "recentIdentifiers" : {
    "26DBAE76-5DD8-47B6-A085-1B4ADA111097" : [

    ],
    "D0ABCDDB-1D03-4124-A17C-7FD5F5028922" : [

    ],
    "E8C8FB2F-71FE-4E43-8630-3E0AAD8B1609" : [

    ]
  },
  "sceneCameraHistory" : {
    "1E10DE2A-1D63-4B56-82E2-35D96226C73A" : [
      {
        "date" : 713945250.38657105,
        "title" : "Untitled",
        "transform" : [
          1,
          0,
          0,
          0,
          0,
          0.86602538824081421,
          -0.5,
          0,
          0,
          0.5,
          0.86602538824081421,
          0,
          -7.4505805969238281e-09,
          0.059119820594787598,
          0.12100604176521301,
          1
        ]
      },
      {
        "date" : 713945248.45123994,
        "title" : "Untitled",
        "transform" : [
          1,
          0,
          0,
          0,
          0,
          0.86602538824081421,
          -0.5,
          0,
          0,
          0.5,
          0.86602538824081421,
          0,
          0.017978057265281677,
          0.26736795902252197,
          0.2627682089805603,
          1
        ]
      },
      {
        "date" : 713174383.19429004,
        "title" : "Untitled",
        "transform" : [
          1,
          0,
          0,
          0,
          0,
          0.86602538824081421,
          -0.5,
          0,
          0,
          0.5,
          0.86602538824081421,
          0,
          0,
          0.18062394857406616,
          0.31284984946250916,
          1
        ]
      },
      {
        "date" : 713011947.32386804,
        "title" : "Untitled",
        "transform" : [
          1,
          0,
          0,
          0,
          0,
          0.86602538824081421,
          -0.5,
          0,
          0,
          0.5,
          0.86602538824081421,
          0,
          0,
          0.27093476057052612,
          0.46927279233932495,
          1
        ]
      }
    ],
    "4C4BF9AD-4750-49B4-BD1F-2E3E204DCA9E" : [
      {
        "date" : 713946346.90204799,
        "title" : "Untitled",
        "transform" : [
          -0.39615955948829651,
          -9.4912167014626903e-08,
          -0.91818171739578247,
          0,
          -0.63136172294616699,
          0.72606927156448364,
          0.27240771055221558,
          0,
          0.6666635274887085,
          0.68762147426605225,
          -0.28763943910598755,
          0,
          0.22088558971881866,
          0.17211243510246277,
          -0.066807731986045837,
          1
        ]
      },
      {
        "date" : 713946204.01409495,
        "title" : "Untitled",
        "transform" : [
          -0.39615926146507263,
          -2.3938824256219959e-09,
          -0.91818183660507202,
          0,
          -0.63136154413223267,
          0.72606939077377319,
          0.27240762114524841,
          0,
          0.66666370630264282,
          0.68762153387069702,
          -0.28763917088508606,
          0,
          0.38555321097373962,
          0.48040041327476501,
          0.042392756789922714,
          1
        ]
      },
      {
        "date" : 713946194.30604303,
        "title" : "Untitled",
        "transform" : [
          0.39769583940505981,
          -4.1692871377563279e-10,
          -0.91751730442047119,
          0,
          0.030525961890816689,
          0.99944639205932617,
          0.013231407850980759,
          0,
          0.91700941324234009,
          -0.033270150423049927,
          0.39747563004493713,
          0,
          0.45478516817092896,
          0.09772779792547226,
          0.40602058172225952,
          1
        ]
      },
      {
        "date" : 713946122.11369395,
        "title" : "Untitled",
        "transform" : [
          1,
          0,
          0,
          0,
          0,
          0.86602544784545898,
          -0.49999988079071045,
          0,
          0,
          0.49999988079071045,
          0.86602544784545898,
          0,
          0,
          0.20493873953819275,
          0.35496434569358826,
          1
        ]
      }
    ],
    "7DCAA009-220C-4416-9652-63EA37FDF859" : [
      {
        "date" : 711429667.54243696,
        "title" : "Untitled",
        "transform" : [
          0.99966830015182495,
          0,
          -0.025753989815711975,
          0,
          -0.012876994907855988,
          0.86602538824081421,
          -0.49983417987823486,
          0,
          0.022303607314825058,
          0.5,
          0.86573821306228638,
          0,
          -0.082912802696228027,
          7.4459972381591797,
          9.1985492706298828,
          1
        ]
      },
      {
        "date" : 711429526.43608606,
        "title" : "Untitled",
        "transform" : [
          0.9997515082359314,
          0,
          -0.022291246801614761,
          0,
          -0.011145623400807381,
          0.86602538824081421,
          -0.49987578392028809,
          0,
          0.019304782152175903,
          0.5,
          0.86581027507781982,
          0,
          -0.21076154708862305,
          3.4197556972503662,
          1.8421773910522461,
          1
        ]
      },
      {
        "date" : 711429515.11556804,
        "title" : "Untitled",
        "transform" : [
          0.9997515082359314,
          0,
          -0.022291246801614761,
          0,
          -0.011145623400807381,
          0.86602538824081421,
          -0.49987578392028809,
          0,
          0.019304782152175903,
          0.5,
          0.86581027507781982,
          0,
          0.095047593116760254,
          3.227449893951416,
          2.6719050407409668,
          1
        ]
      },
      {
        "date" : 711429513.52171397,
        "title" : "Untitled",
        "transform" : [
          0.9997515082359314,
          0,
          -0.022291246801614761,
          0,
          -0.011145623400807381,
          0.86602538824081421,
          -0.49987578392028809,
          0,
          0.019304782152175903,
          0.5,
          0.86581027507781982,
          0,
          -0.29169881343841553,
          2.6840531826019287,
          2.9943368434906006,
          1
        ]
      },
      {
        "date" : 711429460.93027604,
        "title" : "Untitled",
        "transform" : [
          0.9997515082359314,
          0,
          -0.022291246801614761,
          0,
          -0.011145623400807381,
          0.86602538824081421,
          -0.49987578392028809,
          0,
          0.019304782152175903,
          0.5,
          0.86581027507781982,
          0,
          0.01178896427154541,
          3.582507848739624,
          2.4687175750732422,
          1
        ]
      },
      {
        "date" : 711429456.91845906,
        "title" : "Untitled",
        "transform" : [
          0.9997515082359314,
          0,
          -0.022291246801614761,
          0,
          -0.011145623400807381,
          0.86602538824081421,
          -0.49987578392028809,
          0,
          0.019304782152175903,
          0.5,
          0.86581027507781982,
          0,
          0.1274072527885437,
          3.5145053863525391,
          2.5054106712341309,
          1
        ]
      },
      {
        "date" : 711429306.35764694,
        "title" : "Untitled",
        "transform" : [
          0.9997515082359314,
          0,
          -0.022291246801614761,
          0,
          -0.011145623400807381,
          0.86602538824081421,
          -0.49987578392028809,
          0,
          0.019304782152175903,
          0.5,
          0.86581027507781982,
          0,
          -0.053741097450256348,
          5.352877140045166,
          5.3685789108276367,
          1
        ]
      },
      {
        "date" : 711429294.19309402,
        "title" : "Untitled",
        "transform" : [
          0.9997515082359314,
          0,
          -0.022291246801614761,
          0,
          -0.011145623400807381,
          0.86602538824081421,
          -0.49987578392028809,
          0,
          0.019304782152175903,
          0.5,
          0.86581027507781982,
          0,
          0.018243074417114258,
          5.948662281036377,
          5.0229110717773438,
          1
        ]
      },
      {
        "date" : 711429276.12375498,
        "title" : "Untitled",
        "transform" : [
          0.9997515082359314,
          0,
          -0.022291246801614761,
          0,
          -0.011145623400807381,
          0.86602538824081421,
          -0.49987578392028809,
          0,
          0.019304782152175903,
          0.5,
          0.86581027507781982,
          0,
          -0.52914690971374512,
          4.7869710922241211,
          5.7059855461120605,
          1
        ]
      },
      {
        "date" : 711429173.15596104,
        "title" : "Untitled",
        "transform" : [
          0.9997515082359314,
          0,
          -0.022291246801614761,
          0,
          -0.011145623400807381,
          0.86602538824081421,
          -0.49987578392028809,
          0,
          0.019304782152175903,
          0.5,
          0.86581027507781982,
          0,
          -2.7580075263977051,
          12.314009666442871,
          29.740610122680664,
          1
        ]
      }
    ],
    "26DBAE76-5DD8-47B6-A085-1B4ADA111097" : [
      {
        "date" : 711009426.38175905,
        "title" : "Untitled",
        "transform" : [
          0.22738070785999298,
          -1.4982686202813511e-09,
          -0.97380596399307251,
          0,
          -0.059465210884809494,
          0.99813383817672729,
          -0.013884919695556164,
          0,
          0.97198861837387085,
          0.061064582318067551,
          0.22695638239383698,
          0,
          20.218938827514648,
          0.70766973495483398,
          4.7468552589416504,
          1
        ]
      },
      {
        "date" : 711009423.84014797,
        "title" : "Untitled",
        "transform" : [
          0.24354611337184906,
          -1.0152185758727228e-09,
          -0.96988934278488159,
          0,
          -0.010136821307241917,
          0.99994546175003052,
          -0.0025454023852944374,
          0,
          0.96983635425567627,
          0.010451365262269974,
          0.24353280663490295,
          0,
          19.939834594726562,
          -0.33935546875,
          5.032933235168457,
          1
        ]
      },
      {
        "date" : 711009362.48989904,
        "title" : "Untitled",
        "transform" : [
          0.23133638501167297,
          1.833604379442022e-09,
          -0.97287380695343018,
          0,
          -0.17089056968688965,
          0.9844517707824707,
          -0.04063546285033226,
          0,
          0.95774734020233154,
          0.17565526068210602,
          0.22773949801921844,
          0,
          20.456447601318359,
          3.1237359046936035,
          4.8900890350341797,
          1
        ]
      },
      {
        "date" : 711009054.49732602,
        "title" : "Untitled",
        "transform" : [
          0.18016144633293152,
          4.0888004093631025e-10,
          -0.98363703489303589,
          0,
          -0.50733375549316406,
          0.85672515630722046,
          -0.09292244166135788,
          0,
          0.84270662069320679,
          0.51577317714691162,
          0.15434883534908295,
          0,
          19.83012580871582,
          10.577738761901855,
          3.3462724685668945,
          1
        ]
      },
      {
        "date" : 711009052.23696804,
        "title" : "Untitled",
        "transform" : [
          0.18016144633293152,
          4.0888004093631025e-10,
          -0.98363703489303589,
          0,
          -0.50733375549316406,
          0.85672515630722046,
          -0.09292244166135788,
          0,
          0.84270662069320679,
          0.51577317714691162,
          0.15434883534908295,
          0,
          21.571516036987305,
          11.137746810913086,
          3.6401267051696777,
          1
        ]
      },
      {
        "date" : 711009029.186414,
        "title" : "Untitled",
        "transform" : [
          0.18016144633293152,
          4.0888004093631025e-10,
          -0.98363703489303589,
          0,
          -0.50733375549316406,
          0.85672515630722046,
          -0.09292244166135788,
          0,
          0.84270662069320679,
          0.51577317714691162,
          0.15434883534908295,
          0,
          16.161394119262695,
          9.397923469543457,
          2.7271852493286133,
          1
        ]
      },
      {
        "date" : 711008999.45352399,
        "title" : "Untitled",
        "transform" : [
          0.18855985999107361,
          4.0888004093631025e-10,
          -0.98206162452697754,
          0,
          -0.50652122497558594,
          0.85672515630722046,
          -0.09725411981344223,
          0,
          0.84135693311691284,
          0.51577317714691162,
          0.16154396533966064,
          0,
          10.893436431884766,
          7.7090058326721191,
          1.9341082572937012,
          1
        ]
      },
      {
        "date" : 711008997.39269102,
        "title" : "Untitled",
        "transform" : [
          0.18855985999107361,
          4.0888004093631025e-10,
          -0.98206162452697754,
          0,
          -0.50652122497558594,
          0.85672515630722046,
          -0.09725411981344223,
          0,
          0.84135693311691284,
          0.51577317714691162,
          0.16154396533966064,
          0,
          10.906489372253418,
          7.6708893775939941,
          1.9878158569335938,
          1
        ]
      },
      {
        "date" : 711008990.84158695,
        "title" : "Untitled",
        "transform" : [
          0.18855985999107361,
          4.0888004093631025e-10,
          -0.98206162452697754,
          0,
          -0.50652122497558594,
          0.85672515630722046,
          -0.09725411981344223,
          0,
          0.84135693311691284,
          0.51577317714691162,
          0.16154396533966064,
          0,
          11.459216117858887,
          6.5166630744934082,
          2.7942714691162109,
          1
        ]
      },
      {
        "date" : 711008732.74862397,
        "title" : "Untitled",
        "transform" : [
          0.18855985999107361,
          4.0888004093631025e-10,
          -0.98206162452697754,
          0,
          -0.50652122497558594,
          0.85672515630722046,
          -0.09725411981344223,
          0,
          0.84135693311691284,
          0.51577317714691162,
          0.16154396533966064,
          0,
          9.4691619873046875,
          4.3260135650634766,
          1.8299696445465088,
          1
        ]
      }
    ],
    "69133AB6-94BB-4FFE-90C6-5D167F32DAFF" : [
      {
        "date" : 712836878.56850302,
        "title" : "Untitled",
        "transform" : [
          0.7322007417678833,
          -8.4886648821225208e-09,
          -0.68108898401260376,
          0,
          -0.16131411492824554,
          0.97154682874679565,
          -0.1734197586774826,
          0,
          0.66170984506607056,
          0.2368474155664444,
          0.71136724948883057,
          0,
          6.8729610443115234,
          5.800992488861084,
          7.1940526962280273,
          1
        ]
      },
      {
        "date" : 712836817.15777695,
        "title" : "Untitled",
        "transform" : [
          0.7322007417678833,
          -8.4886648821225208e-09,
          -0.68108898401260376,
          0,
          -0.16131411492824554,
          0.97154682874679565,
          -0.1734197586774826,
          0,
          0.66170984506607056,
          0.2368474155664444,
          0.71136724948883057,
          0,
          7.4143671989440918,
          2.4821867942810059,
          7.7954258918762207,
          1
        ]
      },
      {
        "date" : 712836714.46199298,
        "title" : "Untitled",
        "transform" : [
          0.7322007417678833,
          -8.4886648821225208e-09,
          -0.68108898401260376,
          0,
          -0.16131411492824554,
          0.97154682874679565,
          -0.1734197586774826,
          0,
          0.66170984506607056,
          0.2368474155664444,
          0.71136724948883057,
          0,
          2.1492784023284912,
          1.0720875263214111,
          2.0631213188171387,
          1
        ]
      },
      {
        "date" : 712836680.61614704,
        "title" : "Untitled",
        "transform" : [
          0.7322007417678833,
          -8.4886648821225208e-09,
          -0.68108898401260376,
          0,
          -0.16131411492824554,
          0.97154682874679565,
          -0.1734197586774826,
          0,
          0.66170984506607056,
          0.2368474155664444,
          0.71136724948883057,
          0,
          2.2295756340026855,
          0.48539036512374878,
          2.1837682723999023,
          1
        ]
      },
      {
        "date" : 712836677.265481,
        "title" : "Untitled",
        "transform" : [
          0.7322007417678833,
          -8.4886648821225208e-09,
          -0.68108898401260376,
          0,
          -0.16131411492824554,
          0.97154682874679565,
          -0.1734197586774826,
          0,
          0.66170978546142578,
          0.23684738576412201,
          0.71136718988418579,
          0,
          2.4777555465698242,
          0.038738910108804703,
          2.1016237735748291,
          1
        ]
      },
      {
        "date" : 712836672.92579806,
        "title" : "Untitled",
        "transform" : [
          0.97928988933563232,
          0,
          0.20246334373950958,
          0,
          0.1012316569685936,
          0.86602538824081421,
          -0.48964491486549377,
          0,
          -0.17533835768699646,
          0.5,
          0.84808981418609619,
          0,
          -0.25240370631217957,
          0.94447922706604004,
          3.1116647720336914,
          1
        ]
      },
      {
        "date" : 712836668.28286302,
        "title" : "Untitled",
        "transform" : [
          0.97928988933563232,
          0,
          0.20246334373950958,
          0,
          0.1012316569685936,
          0.86602538824081421,
          -0.48964491486549377,
          0,
          -0.17533835768699646,
          0.5,
          0.84808981418609619,
          0,
          -0.26336067914962769,
          1.3730003833770752,
          2.8567605018615723,
          1
        ]
      },
      {
        "date" : 712835573.87962997,
        "title" : "Untitled",
        "transform" : [
          0.97928988933563232,
          0,
          0.20246334373950958,
          0,
          0.1012316569685936,
          0.86602538824081421,
          -0.48964491486549377,
          0,
          -0.17533835768699646,
          0.5,
          0.84808981418609619,
          0,
          -0.16604562103748322,
          1.8791037797927856,
          2.5785021781921387,
          1
        ]
      },
      {
        "date" : 712835572.14795899,
        "title" : "Untitled",
        "transform" : [
          0.97928977012634277,
          0,
          0.20246331393718719,
          0,
          0.1012316569685936,
          0.86602538824081421,
          -0.48964491486549377,
          0,
          -0.17533835768699646,
          0.5,
          0.84808981418609619,
          0,
          -0.21222971379756927,
          2.4017596244812012,
          3.2956893444061279,
          1
        ]
      },
      {
        "date" : 712834848.02807701,
        "title" : "Untitled",
        "transform" : [
          0.97704869508743286,
          0,
          0.21301586925983429,
          0,
          0.10650793462991714,
          0.86602538824081421,
          -0.48852434754371643,
          0,
          -0.18447713553905487,
          0.5,
          0.84614896774291992,
          0,
          -0.063977658748626709,
          0.6201665997505188,
          0.85035061836242676,
          1
        ]
      }
    ],
    "928656DE-4827-4C98-B1F3-EA1BC539E3CB" : [
      {
        "date" : 713945214.44779503,
        "title" : "Untitled",
        "transform" : [
          0.99693787097930908,
          -8.2977669180195335e-10,
          -0.078197672963142395,
          0,
          -0.039098843932151794,
          0.86602538824081421,
          -0.49846896529197693,
          0,
          0.067721173167228699,
          0.5,
          0.8633735179901123,
          0,
          -0.18792304396629333,
          4.5940613746643066,
          2.532839298248291,
          1
        ]
      },
      {
        "date" : 711603154.61192596,
        "title" : "Untitled",
        "transform" : [
          0.99693787097930908,
          -8.2977669180195335e-10,
          -0.078197672963142395,
          0,
          -0.039098843932151794,
          0.86602538824081421,
          -0.49846896529197693,
          0,
          0.067721173167228699,
          0.5,
          0.8633735179901123,
          0,
          0.022292166948318481,
          3.0403342247009277,
          3.4161505699157715,
          1
        ]
      },
      {
        "date" : 711603150.38686705,
        "title" : "Untitled",
        "transform" : [
          0.99693787097930908,
          -8.2977669180195335e-10,
          -0.078197672963142395,
          0,
          -0.039098843932151794,
          0.86602538824081421,
          -0.49846896529197693,
          0,
          0.067721173167228699,
          0.5,
          0.8633735179901123,
          0,
          0.13548758625984192,
          4.3934698104858398,
          2.6236395835876465,
          1
        ]
      },
      {
        "date" : 711603145.14944303,
        "title" : "Untitled",
        "transform" : [
          0.99693787097930908,
          -8.2977669180195335e-10,
          -0.078197672963142395,
          0,
          -0.039098843932151794,
          0.86602538824081421,
          -0.49846896529197693,
          0,
          0.067721173167228699,
          0.5,
          0.8633735179901123,
          0,
          2.1748073101043701,
          20.852052688598633,
          42.113899230957031,
          1
        ]
      },
      {
        "date" : 711603133.97329497,
        "title" : "Untitled",
        "transform" : [
          0.99894964694976807,
          -8.2977669180195335e-10,
          -0.045821353793144226,
          0,
          -0.022910676896572113,
          0.86602538824081421,
          -0.49947485327720642,
          0,
          0.039682455360889435,
          0.5,
          0.86511576175689697,
          0,
          0.015060140751302242,
          3.485053539276123,
          0.32143822312355042,
          1
        ]
      },
      {
        "date" : 711430508.71516895,
        "title" : "Untitled",
        "transform" : [
          0.99894964694976807,
          0,
          -0.045821350067853928,
          0,
          -0.022910675033926964,
          0.86602538824081421,
          -0.49947482347488403,
          0,
          0.039682451635599136,
          0.5,
          0.86511576175689697,
          0,
          0.20350480079650879,
          3.9207730293273926,
          1.5909583568572998,
          1
        ]
      },
      {
        "date" : 711430507.26666999,
        "title" : "Untitled",
        "transform" : [
          0.99894964694976807,
          0,
          -0.045821350067853928,
          0,
          -0.022910675033926964,
          0.86602538824081421,
          -0.49947482347488403,
          0,
          0.039682451635599136,
          0.5,
          0.86511576175689697,
          0,
          0.020460367202758789,
          2.9112684726715088,
          2.182805061340332,
          1
        ]
      },
      {
        "date" : 711430449.02267599,
        "title" : "Untitled",
        "transform" : [
          0.99894964694976807,
          0,
          -0.045821350067853928,
          0,
          -0.022910675033926964,
          0.86602538824081421,
          -0.49947482347488403,
          0,
          0.039682451635599136,
          0.5,
          0.86511576175689697,
          0,
          0.33640789985656738,
          3.7937266826629639,
          1.6582894325256348,
          1
        ]
      },
      {
        "date" : 711430447.36769402,
        "title" : "Untitled",
        "transform" : [
          0.99894964694976807,
          0,
          -0.045821350067853928,
          0,
          -0.022910675033926964,
          0.86602538824081421,
          -0.49947482347488403,
          0,
          0.039682451635599136,
          0.5,
          0.86511576175689697,
          0,
          0.13864368200302124,
          3.1049301624298096,
          2.0654561519622803,
          1
        ]
      },
      {
        "date" : 711430428.023036,
        "title" : "Untitled",
        "transform" : [
          0.99894964694976807,
          0,
          -0.045821350067853928,
          0,
          -0.022910675033926964,
          0.86602538824081421,
          -0.49947482347488403,
          0,
          0.039682451635599136,
          0.5,
          0.86511576175689697,
          0,
          0.16246747970581055,
          3.5042223930358887,
          1.8335881233215332,
          1
        ]
      }
    ],
    "71393687-2933-4D8A-AC10-8E59942BADC1" : [
      {
        "date" : 713945271.43743801,
        "title" : "Untitled",
        "transform" : [
          1,
          0,
          0,
          0,
          0,
          0.86602544784545898,
          -0.49999988079071045,
          0,
          0,
          0.49999988079071045,
          0.86602544784545898,
          0,
          -1.4901161193847656e-08,
          0.059119820594787598,
          0.12100610136985779,
          1
        ]
      },
      {
        "date" : 713945268.58332002,
        "title" : "Untitled",
        "transform" : [
          1,
          0,
          0,
          0,
          0,
          0.86602544784545898,
          -0.49999988079071045,
          0,
          0,
          0.49999988079071045,
          0.86602544784545898,
          0,
          0,
          0.20493873953819275,
          0.35496434569358826,
          1
        ]
      }
    ],
    "CE31E00D-EA0D-4820-A6FF-56BA88DA716A" : [
      {
        "date" : 715432993.20391297,
        "title" : "Untitled",
        "transform" : [
          0.99846047163009644,
          -3.9069965040994248e-09,
          0.055467743426561356,
          0,
          0.027733875438570976,
          0.86602538824081421,
          -0.49923029541969299,
          0,
          -0.048036474734544754,
          0.50000005960464478,
          0.8646920919418335,
          0,
          -0.51627790927886963,
          6.3275976181030273,
          6.7276663780212402,
          1
        ]
      },
      {
        "date" : 715432986.41802502,
        "title" : "Untitled",
        "transform" : [
          0.99863386154174805,
          -3.9069965040994248e-09,
          0.052252814173698425,
          0,
          0.026126410812139511,
          0.86602538824081421,
          -0.4993169903755188,
          0,
          -0.04525226354598999,
          0.50000005960464478,
          0.86484229564666748,
          0,
          -0.0062562078237533569,
          1.0626840591430664,
          -2.3715832233428955,
          1
        ]
      },
      {
        "date" : 715432983.936553,
        "title" : "Untitled",
        "transform" : [
          0.99863386154174805,
          -1.1130287802529892e-09,
          0.052252814173698425,
          0,
          0.026126407086849213,
          0.86602538824081421,
          -0.4993169903755188,
          0,
          -0.04525226354598999,
          0.50000005960464478,
          0.86484229564666748,
          0,
          0.035413045436143875,
          0.60225552320480347,
          -3.1679799556732178,
          1
        ]
      },
      {
        "date" : 715432979.18067002,
        "title" : "Untitled",
        "transform" : [
          0.99863386154174805,
          -1.1130287802529892e-09,
          0.052252814173698425,
          0,
          0.026126407086849213,
          0.86602538824081421,
          -0.4993169903755188,
          0,
          -0.04525226354598999,
          0.50000005960464478,
          0.86484229564666748,
          0,
          -0.0062578320503234863,
          1.06268310546875,
          -2.3715839385986328,
          1
        ]
      },
      {
        "date" : 713174563.26191401,
        "title" : "Untitled",
        "transform" : [
          0.99863392114639282,
          -9.358571695372575e-10,
          0.052252814173698425,
          0,
          0.026126408949494362,
          0.86602538824081421,
          -0.49931696057319641,
          0,
          -0.04525226354598999,
          0.50000005960464478,
          0.86484229564666748,
          0,
          -0.79222321510314941,
          11.451725006103516,
          14.055946350097656,
          1
        ]
      },
      {
        "date" : 713174555.14666796,
        "title" : "Untitled",
        "transform" : [
          0.99905455112457275,
          -9.358571695372575e-10,
          0.043473854660987854,
          0,
          0.021736929193139076,
          0.86602538824081421,
          -0.49952730536460876,
          0,
          -0.037649460136890411,
          0.50000005960464478,
          0.86520659923553467,
          0,
          -0.18604019284248352,
          4.5626158714294434,
          2.7720885276794434,
          1
        ]
      },
      {
        "date" : 713174533.21138299,
        "title" : "Untitled",
        "transform" : [
          0.99885022640228271,
          -9.358571695372575e-10,
          0.047940004616975784,
          0,
          0.023970004171133041,
          0.86602538824081421,
          -0.49942514300346375,
          0,
          -0.041517261415719986,
          0.50000005960464478,
          0.86502963304519653,
          0,
          -0.016889633610844612,
          1.1937210559844971,
          -2.1988584995269775,
          1
        ]
      },
      {
        "date" : 713174529.94913197,
        "title" : "Untitled",
        "transform" : [
          0.99885022640228271,
          -1.083234946186451e-09,
          0.047940004616975784,
          0,
          0.023970004171133041,
          0.86602532863616943,
          -0.49942514300346375,
          0,
          -0.041517250239849091,
          0.50000005960464478,
          0.86502957344055176,
          0,
          -0.68553948402404785,
          5.1968531608581543,
          -9.4949455261230469,
          1
        ]
      },
      {
        "date" : 713174396.98500204,
        "title" : "Untitled",
        "transform" : [
          0.99455201625823975,
          7.794103140668085e-10,
          0.10424143821001053,
          0,
          0.052120726555585861,
          0.86602532863616943,
          -0.49727606773376465,
          0,
          -0.090275727212429047,
          0.50000005960464478,
          0.86130726337432861,
          0,
          -0.033957798033952713,
          1.1898407936096191,
          -2.1760220527648926,
          1
        ]
      },
      {
        "date" : 713013735.442541,
        "title" : "Untitled",
        "transform" : [
          0.99455201625823975,
          2.6420554632977655e-09,
          0.10424143821001053,
          0,
          0.052120726555585861,
          0.86602532863616943,
          -0.49727606773376465,
          0,
          -0.090275727212429047,
          0.50000005960464478,
          0.86130726337432861,
          0,
          -0.036133382469415665,
          2.5000977516174316,
          -2.1610877513885498,
          1
        ]
      }
    ],
    "D0ABCDDB-1D03-4124-A17C-7FD5F5028922" : [
      {
        "date" : 712839163.66325903,
        "title" : "Untitled",
        "transform" : [
          0.98910242319107056,
          0,
          0.14722897112369537,
          0,
          0.073614470660686493,
          0.86602538824081421,
          -0.49455118179321289,
          0,
          -0.12750402092933655,
          0.5,
          0.85658776760101318,
          0,
          -1.2892616987228394,
          5.0557775497436523,
          8.6614255905151367,
          1
        ]
      },
      {
        "date" : 712839111.62256896,
        "title" : "Untitled",
        "transform" : [
          0.98910242319107056,
          0,
          0.14722897112369537,
          0,
          0.073614470660686493,
          0.86602538824081421,
          -0.49455118179321289,
          0,
          -0.12750402092933655,
          0.5,
          0.85658776760101318,
          0,
          -0.90347611904144287,
          3.5429379940032959,
          6.0696687698364258,
          1
        ]
      },
      {
        "date" : 712839108.63853598,
        "title" : "Untitled",
        "transform" : [
          0.98910242319107056,
          0,
          0.14722897112369537,
          0,
          0.073614470660686493,
          0.86602538824081421,
          -0.49455118179321289,
          0,
          -0.12750402092933655,
          0.5,
          0.85658776760101318,
          0,
          -1.1182150840759277,
          4.3850264549255371,
          7.5123128890991211,
          1
        ]
      },
      {
        "date" : 712839102.07905304,
        "title" : "Untitled",
        "transform" : [
          0.9911731481552124,
          0,
          0.13257364928722382,
          0,
          0.066286817193031311,
          0.86602538824081421,
          -0.49558654427528381,
          0,
          -0.11481213569641113,
          0.5,
          0.85838109254837036,
          0,
          -0.65375852584838867,
          2.8470845222473145,
          4.8877620697021484,
          1
        ]
      },
      {
        "date" : 712839060.73277402,
        "title" : "Untitled",
        "transform" : [
          0.9911731481552124,
          0,
          0.13257364928722382,
          0,
          0.066286817193031311,
          0.86602538824081421,
          -0.49558654427528381,
          0,
          -0.11481213569641113,
          0.5,
          0.85838109254837036,
          0,
          -0.72233837842941284,
          3.1457462310791016,
          5.4004926681518555,
          1
        ]
      },
      {
        "date" : 712838940.17770398,
        "title" : "Untitled",
        "transform" : [
          0.9911731481552124,
          0,
          0.13257364928722382,
          0,
          0.066286817193031311,
          0.86602538824081421,
          -0.49558654427528381,
          0,
          -0.11481213569641113,
          0.5,
          0.85838109254837036,
          0,
          -0.7606278657913208,
          3.3124949932098389,
          5.686760425567627,
          1
        ]
      },
      {
        "date" : 712838861.68472803,
        "title" : "Untitled",
        "transform" : [
          0.98999768495559692,
          0,
          0.14108352363109589,
          0,
          0.070541754364967346,
          0.86602538824081421,
          -0.49499881267547607,
          0,
          -0.12218189984560013,
          0.5,
          0.85736310482025146,
          0,
          -0.51221245527267456,
          2.0961098670959473,
          3.5942506790161133,
          1
        ]
      },
      {
        "date" : 712838446.00498104,
        "title" : "Untitled",
        "transform" : [
          0.98999768495559692,
          0,
          0.14108352363109589,
          0,
          0.070541754364967346,
          0.86602538824081421,
          -0.49499881267547607,
          0,
          -0.12218189984560013,
          0.5,
          0.85736310482025146,
          0,
          -0.24057525396347046,
          0.98449808359146118,
          1.6881427764892578,
          1
        ]
      },
      {
        "date" : 712838324.12357295,
        "title" : "Untitled",
        "transform" : [
          0.99117517471313477,
          0,
          0.13255852460861206,
          0,
          0.066279254853725433,
          0.86602538824081421,
          -0.495587557554245,
          0,
          -0.11479903012514114,
          0.5,
          0.85838282108306885,
          0,
          -0.46062856912612915,
          2.0062427520751953,
          3.4442448616027832,
          1
        ]
      },
      {
        "date" : 712838293.55799794,
        "title" : "Untitled",
        "transform" : [
          0.98971152305603027,
          0,
          0.14307723939418793,
          0,
          0.071538612246513367,
          0.86602538824081421,
          -0.49485573172569275,
          0,
          -0.12390852719545364,
          0.50000005960464478,
          0.85711538791656494,
          0,
          -0.3459433913230896,
          1.3959654569625854,
          2.3930041790008545,
          1
        ]
      }
    ],
    "E8C8FB2F-71FE-4E43-8630-3E0AAD8B1609" : [
      {
        "date" : 713945547.38774002,
        "title" : "Untitled",
        "transform" : [
          0.9991382360458374,
          -5.9822404807619023e-09,
          0.041506707668304443,
          0,
          0.017429770901799202,
          0.9075581431388855,
          -0.41956457495689392,
          0,
          -0.037669748067855835,
          0.41992643475532532,
          0.90677601099014282,
          0,
          0.027378559112548828,
          1.8851165771484375,
          -0.051383018493652344,
          1
        ]
      },
      {
        "date" : 713945537.93738401,
        "title" : "Untitled",
        "transform" : [
          0.9991382360458374,
          -5.9822404807619023e-09,
          0.041506707668304443,
          0,
          0.017429770901799202,
          0.9075581431388855,
          -0.41956457495689392,
          0,
          -0.037669748067855835,
          0.41992643475532532,
          0.90677601099014282,
          0,
          -0.0048942714929580688,
          3.6532244682312012,
          -0.87153172492980957,
          1
        ]
      },
      {
        "date" : 713945529.70236301,
        "title" : "Untitled",
        "transform" : [
          0.9991382360458374,
          -5.9822404807619023e-09,
          0.041506707668304443,
          0,
          0.017429770901799202,
          0.9075581431388855,
          -0.41956457495689392,
          0,
          -0.037669748067855835,
          0.41992643475532532,
          0.90677601099014282,
          0,
          -0.1597357839345932,
          3.5153017044067383,
          2.85577392578125,
          1
        ]
      },
      {
        "date" : 711603837.78867197,
        "title" : "Untitled",
        "transform" : [
          0.9991382360458374,
          -6.4752758710540093e-09,
          0.041506711393594742,
          0,
          0.0174297746270895,
          0.9075581431388855,
          -0.41956457495689392,
          0,
          -0.037669755518436432,
          0.41992643475532532,
          0.90677601099014282,
          0,
          -0.21043398976325989,
          4.4231524467468262,
          5.072331428527832,
          1
        ]
      },
      {
        "date" : 711603831.73266196,
        "title" : "Untitled",
        "transform" : [
          0.99968653917312622,
          -6.4752758710540093e-09,
          0.025036530569195747,
          0,
          0.010513508692383766,
          0.9075581431388855,
          -0.41979482769966125,
          0,
          -0.022722106426954269,
          0.41992643475532532,
          0.90727365016937256,
          0,
          -0.19807785749435425,
          3.9930813312530518,
          3.2448711395263672,
          1
        ]
      },
      {
        "date" : 711603829.83878601,
        "title" : "Untitled",
        "transform" : [
          0.99968653917312622,
